4
207083
0
0
erase 28,66050,97792,131586,163328,197122,228864,262658,294400,317752,327168,328194,359936,360962,392704,393730,425472,426498,458240,459266,491008,492034,523776,524802,556544,557570,589312,590338,622080
new 2,0,1024
new 2,1024,2048
new 2,2048,3072
new 2,3072,4096
new 2,4096,5120
new 2,5120,6144
new 2,6144,7168
new 2,7168,8192
new 2,8192,9216
new 2,9216,10240
new 4,10240,10485,10486,11265
new 2,11265,12289
new 2,12289,13313
new 2,13313,14337
new 2,14337,15361
new 2,15361,16385
new 2,16385,17409
new 2,17409,18433
new 2,18433,19457
new 2,19457,20481
new 2,20481,21505
new 4,21505,22281,22282,22530
new 14,22530,23137,23138,23309,23310,23351,23352,23502,23503,23509,23510,23513,23514,23560
new 6,23560,24167,24168,24169,24170,24586
new 2,24586,25610
new 90,25610,26058,26059,26060,26061,26063,26064,26065,26066,26068,26069,26121,26122,26126,26127,26128,26129,26135,26136,26173,26174,26175,26176,26177,26178,26184,26185,26194,26195,26202,26203,26209,26210,26221,26222,26228,26229,26234,26235,26236,26237,26249,26250,26259,26260,26269,26270,26276,26277,26282,26283,26284,26285,26289,26290,26295,26296,26300,26301,26313,26314,26321,26322,26328,26329,26330,26331,26412,26413,26418,26419,26431,26432,26532,26533,26567,26568,26587,26588,26592,26593,26627,26628,26629,26630,26638,26639,26656,26657,26678
new 74,26678,26699,26700,26707,26708,26748,26749,26760,26761,26770,26771,26777,26778,26783,26784,26807,26808,26816,26817,26831,26832,26844,26845,26855,26856,27002,27003,27020,27021,27026,27027,27061,27062,27063,27064,27176,27177,27188,27189,27197,27198,27207,27208,27209,27210,27211,27212,27213,27214,27241,27242,27297,27298,27360,27361,27456,27457,27462,27463,27524,27525,27530,27531,27572,27573,27595,27596,27601,27602,27610,27611,27618,27619,27738
new 108,27738,27748,27749,27904,27905,27911,27912,27929,27930,27939,27940,27958,27959,27961,27962,27970,27971,27976,27977,27983,27984,28122,28123,28124,28125,28130,28131,28138,28139,28144,28145,28150,28151,28158,28159,28168,28169,28184,28185,28192,28193,28201,28202,28220,28221,28229,28230,28231,28232,28238,28239,28251,28252,28260,28261,28268,28269,28274,28275,28323,28324,28499,28500,28538,28539,28557,28558,28569,28570,28581,28582,28583,28584,28588,28589,28599,28600,28608,28609,28654,28655,28664,28665,28694,28695,28700,28701,28705,28706,28751,28752,28756,28757,28769,28770,28774,28775,28776,28777,28790,28791,28797,28798,28804,28805,28813,28814,28815
new 86,28815,28819,28820,28825,28826,28835,28836,28841,28842,28868,28869,28877,28878,28884,28885,28971,28972,28976,28977,28983,28984,28990,28991,28992,28993,29008,29009,29040,29041,29087,29088,29089,29090,29105,29106,29144,29145,29159,29160,29208,29209,29210,29211,29216,29217,29219,29220,29221,29222,29244,29245,29246,29247,29255,29256,29261,29262,29284,29285,29373,29374,29379,29380,29385,29386,29392,29393,29405,29406,29412,29413,29415,29416,29432,29433,29438,29439,29572,29573,29579,29580,29581,29582,29604,29605,29881
new 146,29881,29911,29912,29914,29915,29916,29917,29918,29919,29972,29973,29974,29975,29976,29977,29978,29979,29996,29997,30002,30003,30005,30006,30086,30087,30088,30089,30128,30129,30237,30238,30383,30384,30386,30387,30389,30390,30392,30393,30396,30397,30403,30404,30407,30408,30409,30410,30411,30412,30413,30414,30415,30416,30417,30418,30419,30420,30421,30422,30427,30428,30430,30431,30433,30434,30435,30436,30437,30438,30439,30440,30445,30446,30529,30530,30531,30532,30539,30540,30559,30560,30566,30567,30568,30569,30570,30571,30572,30573,30574,30575,30576,30577,30578,30579,30580,30581,30582,30583,30588,30589,30590,30591,30605,30606,30620,30621,30625,30626,30631,30632,30636,30637,30641,30642,30646,30647,30651,30652,30656,30657,30661,30662,30666,30667,30671,30672,30676,30677,30703,30704,30730,30731,30734,30735,30736,30737,30739,30740,30961,30962,30970,30971,30972,30973,30977
new 378,30977,31204,31205,31207,31208,31209,31210,31212,31213,31454,31455,31457,31458,31459,31460,31705,31706,31708,31709,31710,31711,31712,31713,31716,31717,31725,31726,31729,31730,31731,31732,31737,31738,31739,31740,31741,31742,31743,31744,31755,31756,31757,31758,31759,31760,31762,31763,31764,31765,31766,31767,31768,31769,31770,31771,31772,31773,31774,31775,31776,31777,31778,31779,31780,31781,31782,31783,31784,31785,31786,31787,31788,31789,31790,31791,31792,31793,31794,31795,31796,31797,31798,31799,31800,31801,31802,31803,31804,31805,31806,31807,31808,31809,31810,31811,31812,31813,31814,31815,31816,31817,31818,31819,31820,31821,31822,31823,31824,31825,31826,31827,31828,31829,31831,31832,31837,31838,31845,31846,31847,31848,31853,31854,31856,31857,31859,31860,31861,31862,31864,31865,31868,31869,31876,31877,31900,31901,31902,31903,31904,31905,31906,31907,31908,31909,31910,31911,31912,31913,31914,31915,31916,31917,31918,31919,31920,31921,31922,31923,31924,31925,31926,31927,31929,31930,31931,31932,31933,31934,31935,31936,31937,31938,31939,31940,31941,31942,31943,31944,31945,31946,31947,31948,31949,31950,31951,31952,31953,31954,31956,31957,31958,31959,31960,31961,31962,31963,31964,31965,31966,31967,31968,31969,31970,31971,31972,31973,31974,31975,31976,31977,31978,31979,31980,31981,31982,31983,31984,31985,31986,31987,31988,31989,31990,31991,31992,31993,31994,31995,31996,31997,31998,31999,32000,32001,32002,32003,32004,32005,32006,32007,32008,32009,32010,32011,32012,32013,32014,32015,32016,32017,32018,32019,32020,32021,32022,32023,32024,32025,32026,32027,32028,32029,32030,32031,32032,32033,32034,32035,32036,32037,32038,32039,32040,32041,32042,32043,32044,32045,32046,32047,32048,32049,32050,32051,32052,32053,32054,32055,32056,32057,32058,32059,32060,32061,32062,32063,32064,32065,32066,32067,32068,32069,32070,32071,32072,32073,32074,32075,32076,32077,32078,32079,32080,32081,32082,32083,32084,32085,32086,32087,32088,32089,32090,32091,32093,32094,32095,32096,32097,32098,32099,32100,32101,32102,32103,32104,32105,32106,32107,32108,32109,32110,32111,32112,32113,32114,32117,32118,32119,32120,32121,32122,32123,32124,32128,32129,32167,32168,32169,32170,32171,32172,32173,32174,32176,32177,32178,32179,32180,32181,32182,32183,32184,32185,32186,32187,32189
new 430,32190,32192,32193,32195,32196,32198,32199,32200,32201,32203,32204,32206,32207,32209,32210,32211,32212,32214,32215,32217,32218,32220,32221,32223,32224,32226,32227,32229,32230,32232,32233,32235,32236,32238,32239,32241,32242,32244,32245,32247,32248,32251,32252,32254,32255,32257,32258,32260,32261,32263,32264,32266,32267,32268,32269,32270,32271,32273,32274,32276,32277,32280,32281,32284,32285,32287,32288,32290,32291,32293,32294,32296,32297,32299,32300,32302,32303,32305,32306,32308,32309,32311,32312,32315,32316,32318,32319,32321,32322,32324,32325,32327,32328,32330,32331,32333,32334,32336,32337,32339,32340,32342,32343,32345,32346,32348,32349,32351,32352,32353,32354,32356,32357,32359,32360,32362,32363,32365,32366,32368,32369,32370,32371,32373,32374,32376,32377,32379,32380,32382,32383,32385,32386,32388,32389,32391,32392,32393,32394,32396,32397,32399,32400,32402,32403,32405,32406,32408,32409,32411,32412,32414,32415,32417,32418,32420,32421,32423,32424,32426,32427,32429,32430,32432,32433,32435,32436,32438,32439,32440,32441,32443,32444,32446,32447,32449,32450,32452,32453,32454,32455,32457,32458,32460,32461,32463,32464,32466,32467,32469,32470,32472,32473,32475,32476,32478,32479,32481,32482,32485,32486,32488,32489,32491,32492,32494,32495,32497,32498,32500,32501,32502,32503,32505,32506,32508,32509,32511,32512,32514,32515,32517,32518,32519,32520,32522,32523,32525,32526,32528,32529,32531,32532,32534,32535,32536,32537,32539,32540,32542,32543,32545,32546,32548,32549,32551,32552,32553,32554,32556,32557,32559,32560,32562,32563,32565,32566,32568,32569,32570,32571,32573,32574,32576,32577,32579,32580,32582,32583,32584,32585,32587,32588,32590,32591,32593,32594,32596,32597,32599,32600,32602,32603,32605,32606,32608,32609,32611,32612,32614,32615,32616,32617,32619,32620,32622,32623,32625,32626,32628,32629,32631,32632,32634,32635,32637,32638,32640,32641,32643,32644,32646,32647,32648,32649,32653,32654,32655,32656,32657,32658,32661,32662,32664,32665,32667,32668,32669,32670,32672,32673,32674,32675,32676,32677,32678,32679,32680,32681,32682,32683,32684,32685,32686,32687,32688,32689,32690,32691,32692,32693,32694,32695,32696,32697,32698,32699,32700,32701,32702,32703,32704,32705,32706,32707,32708,32709,32710,32711,32712,32713,32714,32715,32716,32717,32718,32719,32720,32721,32722,32723,32724,32725,32726,32727,32728,32729,32730,32731,32732,32733,32734,32735,32736,32737,32738,32739,32740,32741,32742,32743,32744,32745,32746,32747,32748,32749,32750,32751,32752,32753,32754,32755,32756,32757,32758,32759,32760,32761,32762,32763,32764,32765,32766,32768,32770,32929,32931,33423,34078
new 2,34078,35102
new 2,35102,36126
new 2,36126,37150
new 2,37150,38174
new 2,38174,39198
new 2,39198,40222
new 2,40222,41246
new 4,41246,42040,42041,42271
new 2,42271,43295
new 4,43295,44074,44075,44320
new 2,44320,45344
new 2,45344,46368
new 2,46368,47392
new 2,47392,48416
new 2,48416,49440
new 2,49440,50464
new 8,50464,50699,50700,50764,50765,50779,50780,51491
new 62,51491,51559,51560,51608,51609,51611,51612,51614,51615,51616,51617,51618,51619,51631,51632,51633,51634,51747,51748,51750,51751,51753,51754,51755,51756,51757,51758,51759,51760,51761,51762,51777,51778,51779,51780,51788,51789,51794,51795,51852,51853,51862,51863,51869,51870,51894,51895,52243,52244,52477,52478,52486,52487,52510,52511,52520,52521,52527,52528,52536,52537,52545
new 36,52545,52556,52557,52601,52602,52606,52607,52612,52613,52617,52618,52622,52623,52658,52659,52663,52664,52842,52843,52847,52848,53344,53345,53371,53372,53377,53378,53433,53434,53443,53444,53461,53462,53479,53480,53586
new 2,53586,54610
new 2,54610,55634
new 26,55634,56389,56390,56403,56404,56419,56420,56428,56429,56444,56445,56460,56461,56516,56517,56570,56571,56576,56577,56582,56583,56588,56589,56600,56601,56670
new 24,56670,56717,56718,56757,56758,56981,56982,57040,57041,57102,57103,57109,57110,57131,57132,57378,57379,57420,57421,57472,57473,57479,57480,57705
new 2,57705,58729
new 2,58729,59753
new 2,59753,60777
new 4,60777,61394,61395,61802
new 6,61802,62082,62083,62110,62111,62828
new 16,62828,63549,63550,63558,63559,63640,63641,63664,63665,63682,63683,63823,63824,63842,63843,63859
new 34,63859,63876,63877,63883,63884,63890,63891,63899,63900,63915,63916,63941,63942,63953,63954,64066,64067,64122,64123,64129,64130,64220,64221,64416,64417,64673,64674,64709,64710,64734,64735,64769,64770,64899
new 48,64899,64911,64912,65103,65104,65110,65111,65149,65150,65155,65156,65180,65181,65204,65205,65265,65266,65276,65277,65451,65452,65458,65459,65465,65466,65470,65471,65481,65482,65487,65488,65492,65493,65518,65519,65523,65524,65531,65532,65534,65536,65538,98304,98306,98465,98467,98959,99361
new 2,99361,100385
new 2,100385,101409
new 2,101409,102433
new 2,102433,103457
new 2,103457,104481
new 2,104481,105505
new 2,105505,106529
new 2,106529,107553
new 2,107553,108577
new 2,108577,109601
new 2,109601,110625
new 2,110625,111649
new 4,111649,112127,112128,112674
new 50,112674,113009,113010,113011,113012,113013,113014,113015,113016,113017,113018,113019,113020,113021,113022,113023,113024,113025,113026,113028,113029,113030,113031,113032,113033,113034,113035,113036,113037,113038,113039,113043,113044,113046,113047,113049,113050,113060,113061,113076,113077,113094,113095,113124,113125,113154,113155,113182,113183,113722
new 12,113722,114628,114629,114658,114659,114688,114689,114718,114719,114748,114749,114751
new 24,114751,114753,114754,114758,114759,114767,114768,114801,114802,114806,114807,114832,114833,114858,114859,114885,114886,114913,114914,114916,114917,114919,114920,115786
new 2,115786,116810
new 2,116810,117834
new 2,117834,118858
new 48,118858,119480,119481,119493,119494,119500,119501,119507,119508,119517,119518,119524,119525,119558,119559,119593,119594,119624,119625,119656,119657,119693,119694,119729,119730,119735,119736,119741,119742,119746,119747,119776,119777,119807,119808,119836,119837,119866,119867,119875,119876,119884,119885,119893,119894,119902,119903,119905
new 132,119906,119911,119912,119917,119918,119928,119929,119949,119950,119971,119972,119992,119993,120013,120014,120016,120017,120026,120027,120036,120037,120046,120047,120057,120058,120066,120067,120075,120076,120084,120085,120093,120094,120119,120120,120123,120124,120126,120127,120141,120142,120156,120157,120171,120172,120186,120187,120191,120192,120196,120197,120225,120226,120253,120254,120281,120282,120308,120309,120335,120336,120341,120342,120346,120347,120349,120350,120371,120372,120393,120394,120414,120415,120435,120436,120438,120439,120444,120445,120483,120484,120524,120525,120528,120529,120533,120534,120605,120606,120610,120611,120623,120624,120626,120627,120630,120631,120643,120644,120648,120649,120658,120659,120668,120669,120678,120679,120688,120689,120716,120717,120745,120746,120774,120775,120803,120804,120808,120809,120813,120814,120819,120820,120826,120827,120832,120833,120839,120840,120932,120933,120995
new 34,120995,121032,121033,121037,121038,121054,121055,121086,121087,121148,121149,121214,121215,121276,121277,121338,121339,121414,121415,121496,121497,121572,121573,121654,121655,121736,121737,121813,121814,121896,121897,121972,121973,122035
new 38,122035,122054,122055,122130,122131,122206,122207,122287,122288,122362,122363,122444,122445,122526,122527,122602,122603,122685,122686,122761,122762,122763,122764,122766,122767,122775,122776,122796,122797,122802,122803,122804,122805,122806,122807,122832,122833,123077
new 16,123077,123200,123201,123258,123259,123676,123677,123720,123721,123891,123892,123895,123896,123911,123912,124108
new 4,124108,124196,124197,125133
new 6,125133,125913,125914,125970,125971,126159
new 4,126159,126304,126305,127184
new 14,127184,127795,127796,127808,127809,127878,127879,127922,127923,128132,128133,128166,128167,128214
new 6,128214,128420,128421,128557,128558,129240
new 12,129240,129726,129727,129729,129730,129740,129741,129748,129749,129812,129813,130269
new 88,130269,130332,130333,130336,130337,130338,130339,130340,130341,130343,130344,130345,130346,130350,130351,130353,130354,130355,130356,130368,130369,130375,130376,130408,130409,130410,130411,130414,130415,130416,130417,130422,130423,130453,130454,130455,130456,130459,130460,130463,130464,130867,130868,130869,130870,130872,130873,130874,130875,130876,130877,130879,130880,130882,130883,130891,130892,130894,130895,130908,130909,130910,130911,130912,130913,130915,130916,131046,131047,131052,131053,131063,131064,131066,131067,131068,131069,131070,131072,131074,163840,163842,164001,164003,164495,164700,164701,164751
new 30,164751,164788,164789,164881,164882,165182,165183,165270,165271,165450,165451,165455,165456,165594,165595,165622,165623,165632,165633,165639,165640,165699,165700,165712,165713,165755,165756,165779,165780,165789
new 62,165789,165791,165792,165797,165798,165806,165807,165813,165814,165823,165824,165830,165831,165877,165878,165896,165897,165905,165906,165913,165914,165949,165950,165955,165956,165971,165972,166007,166008,166012,166013,166060,166061,166069,166070,166181,166182,166216,166217,166224,166225,166232,166233,166251,166252,166263,166264,166364,166365,166369,166370,166378,166379,166456,166457,166464,166465,166470,166471,166597,166598,166843
new 44,166843,166989,166990,167266,167267,167275,167276,167293,167294,167328,167329,167396,167397,167411,167412,167422,167423,167437,167438,167480,167481,167509,167510,167514,167515,167525,167526,167535,167536,167768,167769,167774,167775,167779,167780,167831,167832,167836,167837,167850,167851,167855,167856,167888
new 76,167888,167916,167917,167951,167952,167965,167966,167971,167972,167995,167996,168025,168026,168038,168039,168046,168047,168082,168083,168099,168100,168105,168106,168118,168119,168143,168144,168177,168178,168187,168188,168388,168389,168473,168474,168481,168482,168498,168499,168506,168507,168515,168516,168535,168536,168683,168684,168695,168696,168703,168704,168708,168709,168734,168735,168750,168751,168777,168778,168809,168810,168838,168839,168858,168859,168883,168884,168889,168890,168898,168899,168908,168909,168919,168920,168949
new 34,168949,168975,168976,168981,168982,168993,168994,169011,169012,169019,169020,169028,169029,169173,169174,169272,169273,169277,169278,169285,169286,169306,169307,169366,169367,169412,169413,169426,169427,169483,169484,169502,169503,169989
new 12,169989,170712,170713,170717,170718,170724,170725,170746,170747,170756,170757,171018
new 18,171018,171924,171925,171935,171936,171972,171973,172010,172011,172015,172016,172023,172024,172029,172030,172035,172036,172050
new 46,172050,172207,172208,172236,172237,172241,172242,172254,172255,172260,172261,172274,172275,172289,172290,172305,172306,172310,172311,172327,172328,172339,172340,172352,172353,172374,172375,172380,172381,172387,172388,172402,172403,172416,172417,172449,172450,172468,172469,172495,172496,172501,172502,172506,172507,173096
new 28,173096,173449,173450,173456,173457,173484,173485,173490,173491,173577,173578,173589,173590,173606,173607,173624,173625,173633,173634,173641,173642,173766,173767,173890,173891,173930,173931,174133
new 46,174133,174308,174309,174325,174326,174335,174336,174340,174341,174376,174377,174381,174382,174422,174423,174474,174475,174551,174552,174635,174636,174667,174668,174688,174689,174724,174725,174811,174812,174897,174898,174933,174934,174941,174942,174951,174952,175073,175074,175095,175096,175128,175129,175159,175160,175179
new 54,175179,175201,175202,175211,175212,175219,175220,175228,175229,175329,175330,175453,175454,175503,175504,175510,175511,175516,175517,175523,175524,175604,175605,175609,175610,175615,175616,175620,175621,175630,175631,175639,175640,175647,175648,175654,175655,175667,175668,175674,175675,175734,175735,175758,175759,175781,175782,175788,175789,175814,175815,176168,176169,176229
new 78,176229,176348,176349,176380,176381,176404,176405,176606,176607,176612,176613,176618,176619,176679,176680,176728,176729,176735,176736,176927,176928,176952,176953,176954,176955,176956,176957,176964,176965,176983,176984,176989,176990,176994,176995,177000,177001,177011,177012,177018,177019,177024,177025,177035,177036,177041,177042,177043,177044,177045,177046,177047,177048,177052,177053,177055,177056,177062,177063,177066,177067,177070,177071,177100,177101,177114,177115,177139,177140,177166,177167,177203,177204,177230,177231,177275,177276,177291
new 216,177291,177293,177294,177305,177306,177334,177335,177347,177348,177372,177373,177374,177375,177378,177379,177381,177382,177384,177385,177388,177389,177392,177393,177400,177401,177403,177404,177408,177409,177424,177425,177434,177435,177439,177440,177445,177446,177450,177451,177456,177457,177460,177461,177465,177466,177475,177476,177480,177481,177491,177492,177499,177500,177505,177506,177509,177510,177513,177514,177541,177542,177556,177557,177562,177563,177567,177568,177571,177572,177577,177578,177582,177583,177593,177594,177598,177599,177606,177607,177610,177611,177616,177617,177623,177624,177627,177628,177638,177639,177641,177642,177647,177648,177652,177653,177664,177665,177675,177676,177691,177692,177695,177696,177700,177701,177704,177705,177710,177711,177716,177717,177725,177726,177731,177732,177736,177737,177739,177740,177746,177747,177753,177754,177763,177764,177770,177771,177775,177776,177783,177784,177808,177809,177815,177816,177822,177823,177833,177834,177837,177838,177844,177845,177851,177852,177855,177856,177870,177871,177881,177882,177885,177886,177897,177898,177901,177902,177912,177913,177918,177919,177927,177928,177934,177935,177943,177944,177949,177950,177957,177958,177962,177963,177967,177968,177973,177974,177979,177980,177987,177988,177995,177996,177999,178000,178001,178002,178009,178010,178016,178017,178073,178074,178081,178082,178091,178092,178099,178100,178108,178109,178121,178122,178133,178134,178144,178145,178320,178321,178333,178334,178342,178343,178353,178354,178422
new 84,178422,178454,178455,178465,178466,178474,178475,178483,178484,178488,178489,178496,178497,178507,178508,178518,178519,178529,178530,178581,178582,178590,178591,178884,178885,178893,178894,178909,178910,178994,178995,179008,179009,179017,179018,179061,179062,179075,179076,179092,179093,179102,179103,179111,179112,179140,179141,179153,179154,179164,179165,179178,179179,179213,179214,179224,179225,179236,179237,179251,179252,179263,179264,179281,179282,179336,179337,179343,179344,179348,179349,179390,179391,179401,179402,179411,179412,179440,179441,179469,179470,179481,179482,179487
new 90,179487,179492,179493,179500,179501,179512,179513,179524,179525,179529,179530,179539,179540,179550,179551,179558,179559,179673,179674,179682,179683,179697,179698,179708,179709,179731,179732,179790,179791,179820,179821,179835,179836,179990,179991,180035,180036,180049,180050,180065,180066,180081,180082,180088,180089,180102,180103,180114,180115,180127,180128,180181,180182,180190,180191,180202,180203,180213,180214,180241,180242,180320,180321,180370,180371,180382,180383,180392,180393,180403,180404,180415,180416,180424,180425,180447,180448,180455,180456,180466,180467,180476,180477,180495,180496,180539,180540,180549,180550,180555
new 66,180555,180562,180563,180730,180731,180847,180848,180855,180856,180917,180918,180964,180965,180973,180974,180979,180980,180988,180989,181137,181138,181158,181159,181160,181161,181163,181164,181166,181167,181169,181170,181173,181174,181176,181177,181179,181180,181182,181183,181186,181187,181191,181192,181194,181195,181198,181199,181201,181202,181204,181205,181207,181208,181211,181212,181214,181215,181218,181219,181484,181485,181486,181487,181488,181489,181611
new 22,181611,181739,181740,181741,181742,181800,181801,181802,181803,181844,181845,181846,181847,181903,181904,181905,181906,181907,181908,181909,181910,182645
new 26,182645,183140,183141,183142,183143,183172,183173,183174,183175,183208,183209,183210,183211,183297,183298,183299,183300,183305,183306,183307,183308,183346,183347,183348,183349,183681
new 6,183681,183932,183933,183934,183935,184707
new 6,184707,185641,185642,185643,185644,185733
new 18,185733,185780,185781,185782,185783,185785,185786,185787,185788,185794,185795,185796,185797,185798,185799,185800,185801,186765
new 2,186765,187789
new 14,187789,188028,188029,188030,188031,188444,188445,188446,188447,188599,188600,188601,188602,188819
new 2,188819,189843
new 34,189843,189873,189874,189875,189876,189877,189878,189879,189880,190736,190737,190738,190739,190742,190743,190744,190745,190757,190758,190759,190760,190859,190860,190861,190862,190863,190864,190865,190866,190872,190873,190874,190875,190883
new 2,190883,191907
new 2,191907,192931
new 18,192931,193077,193078,193079,193080,193081,193082,193083,193084,193139,193140,193141,193142,193757,193758,193759,193760,193963
new 26,193963,193974,193975,193976,193977,194018,194019,194020,194021,194036,194037,194038,194039,194071,194072,194073,194074,194075,194076,194077,194078,194083,194084,194085,194086,194999
new 48,194999,195326,195327,195328,195329,195332,195333,195334,195335,195347,195348,195349,195350,195628,195629,195630,195631,195632,195633,195676,195677,195678,195679,195682,195683,195684,195685,195743,195744,195745,195746,195747,195748,195757,195758,195759,195760,195761,195762,195763,195764,195837,195838,195839,195840,195841,195842,196046
new 28,196046,196587,196588,196589,196590,196591,196592,196593,196594,196595,196596,196597,196598,196599,196600,196601,196602,196603,196604,196605,196608,196610,229376,229378,229537,229539,230031,230499
new 2,230499,231523
new 2,231523,232547
new 2,232547,233571
new 2,233571,234595
new 2,234595,235619
new 2,235619,236643
new 4,236643,237459,237460,237668
new 2,237668,238692
new 4,238692,239050,239051,239717
new 4,239717,239987,239988,240742
new 2,240742,241766
new 2,241766,242790
new 4,242790,242895,242896,243815
new 6,243815,244717,244718,244772,244773,244841
new 18,244841,245192,245193,245504,245505,245526,245527,245553,245554,245584,245585,245615,245616,245764,245765,245772,245773,245873
new 18,245873,246127,246128,246129,246130,246131,246132,246288,246289,246397,246398,246541,246542,246643,246644,246834,246835,246905
new 88,246905,246994,246995,247058,247059,247207,247208,247412,247413,247507,247508,247662,247663,247725,247726,247727,247728,247729,247730,247731,247732,247733,247734,247735,247736,247737,247738,247747,247748,247749,247750,247752,247753,247754,247755,247782,247783,247784,247785,247811,247812,247813,247814,247841,247842,247843,247844,247856,247857,247858,247859,247867,247868,247869,247870,247874,247875,247876,247877,247883,247884,247885,247886,247887,247888,247889,247890,247892,247893,247894,247895,247904,247905,247906,247907,247908,247909,247910,247911,247912,247913,247914,247915,247916,247917,247918,247919,247972
new 68,247972,247997,247998,247999,248000,248001,248002,248003,248004,248005,248006,248007,248008,248009,248010,248011,248012,248014,248015,248016,248017,248018,248019,248020,248021,248057,248058,248059,248060,248096,248097,248098,248099,248100,248101,248102,248103,248104,248105,248106,248107,248108,248109,248111,248112,248114,248115,248116,248117,248118,248119,248120,248121,248122,248123,248124,248125,248126,248127,248128,248129,248130,248131,248132,248133,248134,248135,249029
new 2,249029,250053
new 2,250053,251077
new 2,251077,252101
new 2,252101,253125
new 210,253125,253587,253588,253589,253590,253591,253592,253593,253594,253595,253596,253597,253598,253602,253603,253606,253607,253611,253612,253616,253617,253621,253622,253623,253624,253625,253626,253629,253630,253631,253632,253633,253634,253635,253636,253637,253638,253639,253640,253641,253642,253643,253644,253645,253646,253647,253648,253649,253650,253651,253652,253653,253654,253655,253656,253657,253658,253659,253660,253661,253662,253663,253664,253665,253666,253667,253668,253669,253670,253671,253672,253673,253674,253675,253676,253677,253678,253679,253680,253681,253682,253683,253684,253685,253686,253687,253688,253689,253690,253691,253692,253693,253694,253695,253696,253697,253698,253699,253700,253701,253702,253703,253704,253708,253709,253714,253715,253716,253717,253718,253719,253720,253721,253722,253723,253724,253725,253726,253727,253728,253729,253747,253748,253751,253752,253762,253763,253776,253777,253868,253869,253873,253874,253952,253953,253964,253965,253983,253984,253985,253986,253987,253988,253989,253990,253991,253992,253994,253995,253998,253999,254000,254001,254003,254004,254011,254012,254013,254014,254015,254016,254018,254019,254020,254021,254029,254030,254035,254036,254045,254046,254048,254049,254051,254052,254054,254055,254059,254060,254065,254066,254068,254069,254070,254071,254075,254076,254077,254078,254080,254081,254083,254084,254094,254095,254096,254097,254098,254099,254100,254101,254106,254107,254124,254125,254128,254129,254130,254131,254253
new 38,254253,254254,254255,254256,254257,254258,254259,254288,254289,254312,254313,254348,254349,255149,255150,255151,255152,255155,255156,255157,255158,255159,255160,255161,255162,255171,255172,255175,255176,255177,255178,255190,255191,255209,255210,255247,255248,255295
new 2,255295,256319
new 24,256319,256460,256461,256481,256482,256589,256590,256653,256654,256655,256656,256666,256667,256675,256676,256681,256682,256695,256696,256703,256704,256719,256720,257354
new 42,257354,257536,257537,257542,257543,257573,257574,257763,257764,257768,257769,257786,257787,257802,257803,257817,257818,257833,257834,257864,257865,257895,257896,257911,257912,257931,257932,257940,257941,257948,257949,257998,257999,258004,258005,258009,258010,258015,258016,258020,258021,258398
new 28,258398,258624,258625,258629,258630,258648,258649,258655,258656,258662,258663,258670,258671,258676,258677,258684,258685,258690,258691,258706,258707,258712,258713,258743,258744,258750,258751,259435
new 2,259435,260459
new 4,260459,261105,261106,261484
new 54,261484,261553,261554,261652,261653,261657,261658,261676,261677,261681,261682,261856,261857,261918,261919,261935,261936,261952,261953,261969,261970,261986,261987,262003,262004,262021,262022,262034,262035,262047,262048,262060,262061,262073,262074,262086,262087,262099,262100,262112,262113,262125,262126,262138,262139,262141,262144,262146,294912,294914,295073,295075,295567,295950
new 112,295950,295975,295976,295988,295989,296003,296004,296018,296019,296033,296034,296048,296049,296054,296055,296069,296070,296084,296085,296099,296100,296116,296117,296133,296134,296150,296151,296167,296168,296185,296186,296198,296199,296211,296212,296224,296225,296237,296238,296250,296251,296263,296264,296276,296277,296289,296290,296302,296303,296319,296320,296336,296337,296353,296354,296370,296371,296385,296386,296402,296403,296417,296418,296434,296435,296449,296450,296466,296467,296481,296482,296487,296488,296502,296503,296517,296518,296532,296533,296547,296548,296562,296563,296579,296580,296596,296597,296707,296708,296771,296772,296776,296777,296783,296784,296797,296798,296856,296857,296882,296883,296917,296918,296932,296933,296942,296943,296987,296988,297020,297021,297029
new 14,297029,297031,297032,297039,297040,297045,297046,297159,297160,297180,297181,297246,297247,298059
new 36,298059,298247,298248,298267,298268,298283,298284,298294,298295,298300,298301,298320,298321,298334,298335,298398,298399,298404,298405,298411,298412,298479,298480,298488,298489,298497,298498,298507,298508,298527,298528,298533,298534,298539,298540,299100
new 2,299100,300124
new 4,300124,300635,300636,301149
new 2,301149,302173
new 2,302173,303197
new 2,303197,304221
new 2,304221,305245
new 50,305245,305460,305461,305468,305469,305583,305584,305606,305607,305657,305658,305687,305688,305712,305713,305726,305727,305732,305733,305739,305740,305746,305747,305757,305758,305764,305765,305788,305789,305811,305812,305868,305869,305890,305891,305969,305970,305996,305997,306002,306003,306064,306065,306181,306182,306211,306212,306287,306288,306293
new 30,306293,306320,306321,306327,306328,306345,306346,306480,306481,306719,306720,306734,306735,306839,306840,306884,306885,306890,306891,307034,307035,307043,307044,307052,307053,307060,307061,307067,307068,307331
new 64,307331,307373,307374,307698,307699,307739,307740,307865,307866,308009,308010,308155,308156,308163,308164,308172,308173,308180,308181,308188,308189,308201,308202,308209,308210,308217,308218,308225,308226,308235,308236,308242,308243,308248,308249,308254,308255,308260,308261,308270,308271,308277,308278,308284,308285,308291,308292,308299,308300,308307,308308,308318,308319,308329,308330,308341,308342,308349,308350,308359,308360,308377,308378,308386
new 58,308386,308388,308389,308397,308398,308413,308414,308421,308422,308436,308437,308451,308452,308465,308466,308479,308480,308486,308487,308492,308493,308498,308499,308517,308518,308537,308538,308545,308546,308551,308552,308562,308563,308569,308570,308580,308581,308586,308587,308596,308597,308604,308605,308612,308613,308619,308620,308635,308636,309372,309373,309379,309380,309411,309412,309421,309422,309438
new 44,309438,309459,309460,309477,309478,309504,309505,309860,309861,309875,309876,309882,309883,309914,309915,309938,309939,309987,309988,309999,310000,310006,310007,310021,310022,310029,310030,310036,310037,310062,310063,310100,310101,310143,310144,310148,310149,310162,310163,310167,310168,310170,310171,310483
new 2,310483,311507
new 2,311507,312531
new 50,312531,312616,312617,312619,312620,312624,312625,312630,312631,312639,312640,312695,312696,312698,312699,312706,312707,312715,312716,312722,312723,313100,313101,313117,313118,313123,313124,313130,313131,313174,313175,313179,313180,313184,313185,313190,313191,313213,313214,313334,313335,313339,313340,313347,313348,313352,313353,313358,313359,313579
new 8,313579,314154,314155,314335,314336,314372,314373,314606
new 46,314606,314663,314664,314690,314691,314698,314699,314728,314729,314868,314869,314888,314889,314899,314900,314904,314905,314910,314911,314930,314931,314932,314933,314944,314945,315320,315321,315326,315327,315382,315383,315384,315385,315422,315423,315460,315461,315500,315501,315512,315513,315514,315515,315622,315623,315652
new 70,315652,315676,315677,315683,315684,315820,315821,315846,315847,315904,315905,315910,315911,315916,315917,315923,315924,315929,315930,316104,316105,316130,316131,316138,316139,316144,316145,316150,316151,316157,316158,316167,316168,316225,316226,316238,316239,316281,316282,316311,316312,316332,316333,316344,316345,316350,316351,316357,316358,316363,316364,316371,316372,316457,316458,316463,316464,316469,316470,316475,316476,316552,316553,316571,316572,316647,316648,316654,316655,316710
new 52,316710,316860,316861,316900,316901,316942,316943,317191,317192,317194,317195,317240,327680,327682,360448,360450,393216,393218,425984,425986,458752,458754,491520,491522,524288,524290,557056,557058,589824,589826,622592,622594,623086,623088,623089,623090,623091,623092,623093,623094,623095,623096,623097,623098,623099,623100,623101,623111,623112,623113,623114,623574
new 26,623574,623915,623916,623917,623918,623919,623920,623921,623922,623987,623988,623989,623990,623991,623992,623993,623994,623998,623999,624000,624001,624006,624007,624008,624009,624610
new 18,624610,624641,624642,624643,624644,624662,624663,624664,624665,624757,624758,624759,624760,624762,624763,624764,624765,625642
new 18,625642,625733,625734,625735,625736,625770,625771,625772,625773,625832,625833,625834,625835,625884,625885,625886,625887,626674
new 10,626674,627579,627580,627581,627582,627679,627680,627681,627682,627702
new 34,627702,628047,628048,628049,628050,628052,628053,628054,628055,628060,628061,628062,628063,628366,628367,628368,628369,628397,628398,628399,628400,628401,628402,628403,628404,628405,628406,628678,628679,628680,628681,628682,628683,628742
new 62,628742,628927,628928,628929,628930,628931,628932,628933,628934,628936,628937,628938,628939,628940,628941,628942,628943,629064,629065,629066,629067,629073,629074,629075,629076,629077,629078,629079,629080,629088,629089,629090,629091,629092,629093,629094,629095,629096,629097,629115,629116,629117,629118,629119,629120,629121,629122,629123,629124,629125,629126,629128,629129,629130,629131,629138,629139,629140,629141,629142,629143,629144
zero 1320,10485,10486,22281,22282,23137,23138,23309,23310,23351,23352,23502,23503,23509,23510,23513,23514,24167,24168,24169,24170,26058,26059,26060,26061,26063,26064,26065,26066,26068,26069,26121,26122,26126,26127,26128,26129,26135,26136,26173,26174,26175,26176,26177,26178,26184,26185,26194,26195,26202,26203,26209,26210,26221,26222,26228,26229,26234,26235,26236,26237,26249,26250,26259,26260,26269,26270,26276,26277,26282,26283,26284,26285,26289,26290,26295,26296,26300,26301,26313,26314,26321,26322,26328,26329,26330,26331,26412,26413,26418,26419,26431,26432,26532,26533,26567,26568,26587,26588,26592,26593,26627,26628,26629,26630,26638,26639,26656,26657,26699,26700,26707,26708,26748,26749,26760,26761,26770,26771,26777,26778,26783,26784,26807,26808,26816,26817,26831,26832,26844,26845,26855,26856,27002,27003,27020,27021,27026,27027,27061,27062,27063,27064,27176,27177,27188,27189,27197,27198,27207,27208,27209,27210,27211,27212,27213,27214,27241,27242,27297,27298,27360,27361,27456,27457,27462,27463,27524,27525,27530,27531,27572,27573,27595,27596,27601,27602,27610,27611,27618,27619,27748,27749,27904,27905,27911,27912,27929,27930,27939,27940,27958,27959,27961,27962,27970,27971,27976,27977,27983,27984,28122,28123,28124,28125,28130,28131,28138,28139,28144,28145,28150,28151,28158,28159,28168,28169,28184,28185,28192,28193,28201,28202,28220,28221,28229,28230,28231,28232,28238,28239,28251,28252,28260,28261,28268,28269,28274,28275,28323,28324,28499,28500,28538,28539,28557,28558,28569,28570,28581,28582,28583,28584,28588,28589,28599,28600,28608,28609,28654,28655,28664,28665,28694,28695,28700,28701,28705,28706,28751,28752,28756,28757,28769,28770,28774,28775,28776,28777,28790,28791,28797,28798,28804,28805,28813,28814,28819,28820,28825,28826,28835,28836,28841,28842,28868,28869,28877,28878,28884,28885,28971,28972,28976,28977,28983,28984,28990,28991,28992,28993,29008,29009,29040,29041,29087,29088,29089,29090,29105,29106,29144,29145,29159,29160,29208,29209,29210,29211,29216,29217,29219,29220,29221,29222,29244,29245,29246,29247,29255,29256,29261,29262,29284,29285,29373,29374,29379,29380,29385,29386,29392,29393,29405,29406,29412,29413,29415,29416,29432,29433,29438,29439,29572,29573,29579,29580,29581,29582,29604,29605,29911,29912,29914,29915,29916,29917,29918,29919,29972,29973,29974,29975,29976,29977,29978,29979,29996,29997,30002,30003,30005,30006,30086,30087,30088,30089,30128,30129,30237,30238,30383,30384,30386,30387,30389,30390,30392,30393,30396,30397,30403,30404,30407,30408,30409,30410,30411,30412,30413,30414,30415,30416,30417,30418,30419,30420,30421,30422,30427,30428,30430,30431,30433,30434,30435,30436,30437,30438,30439,30440,30445,30446,30529,30530,30531,30532,30539,30540,30559,30560,30566,30567,30568,30569,30570,30571,30572,30573,30574,30575,30576,30577,30578,30579,30580,30581,30582,30583,30588,30589,30590,30591,30605,30606,30620,30621,30625,30626,30631,30632,30636,30637,30641,30642,30646,30647,30651,30652,30656,30657,30661,30662,30666,30667,30671,30672,30676,30677,30703,30704,30730,30731,30734,30735,30736,30737,30739,30740,30961,30962,30970,30971,30972,30973,31204,31205,31207,31208,31209,31210,31212,31213,31454,31455,31457,31458,31459,31460,31705,31706,31708,31709,31710,31711,31712,31713,31716,31717,31725,31726,31729,31730,31731,31732,31737,31738,31739,31740,31741,31742,31743,31744,31755,31756,31757,31758,31759,31760,31762,31763,31764,31765,31766,31767,31768,31769,31770,31771,31772,31773,31774,31775,31776,31777,31778,31779,31780,31781,31782,31783,31784,31785,31786,31787,31788,31789,31790,31791,31792,31793,31794,31795,31796,31797,31798,31799,31800,31801,31802,31803,31804,31805,31806,31807,31808,31809,31810,31811,31812,31813,31814,31815,31816,31817,31818,31819,31820,31821,31822,31823,31824,31825,31826,31827,31828,31829,31831,31832,31837,31838,31845,31846,31847,31848,31853,31854,31856,31857,31859,31860,31861,31862,31864,31865,31868,31869,31876,31877,31900,31901,31902,31903,31904,31905,31906,31907,31908,31909,31910,31911,31912,31913,31914,31915,31916,31917,31918,31919,31920,31921,31922,31923,31924,31925,31926,31927,31929,31930,31931,31932,31933,31934,31935,31936,31937,31938,31939,31940,31941,31942,31943,31944,31945,31946,31947,31948,31949,31950,31951,31952,31953,31954,31956,31957,31958,31959,31960,31961,31962,31963,31964,31965,31966,31967,31968,31969,31970,31971,31972,31973,31974,31975,31976,31977,31978,31979,31980,31981,31982,31983,31984,31985,31986,31987,31988,31989,31990,31991,31992,31993,31994,31995,31996,31997,31998,31999,32000,32001,32002,32003,32004,32005,32006,32007,32008,32009,32010,32011,32012,32013,32014,32015,32016,32017,32018,32019,32020,32021,32022,32023,32024,32025,32026,32027,32028,32029,32030,32031,32032,32033,32034,32035,32036,32037,32038,32039,32040,32041,32042,32043,32044,32045,32046,32047,32048,32049,32050,32051,32052,32053,32054,32055,32056,32057,32058,32059,32060,32061,32062,32063,32064,32065,32066,32067,32068,32069,32070,32071,32072,32073,32074,32075,32076,32077,32078,32079,32080,32081,32082,32083,32084,32085,32086,32087,32088,32089,32090,32091,32093,32094,32095,32096,32097,32098,32099,32100,32101,32102,32103,32104,32105,32106,32107,32108,32109,32110,32111,32112,32113,32114,32117,32118,32119,32120,32121,32122,32123,32124,32128,32129,32167,32168,32169,32170,32171,32172,32173,32174,32176,32177,32178,32179,32180,32181,32182,32183,32184,32185,32186,32187,32189,32190,32192,32193,32195,32196,32198,32199,32200,32201,32203,32204,32206,32207,32209,32210,32211,32212,32214,32215,32217,32218,32220,32221,32223,32224,32226,32227,32229,32230,32232,32233,32235,32236,32238,32239,32241,32242,32244,32245,32247,32248,32251,32252,32254,32255,32257,32258,32260,32261,32263,32264,32266,32267,32268,32269,32270,32271,32273,32274,32276,32277,32280,32281,32284,32285,32287,32288,32290,32291,32293,32294,32296,32297,32299,32300,32302,32303,32305,32306,32308,32309,32311,32312,32315,32316,32318,32319,32321,32322,32324,32325,32327,32328,32330,32331,32333,32334,32336,32337,32339,32340,32342,32343,32345,32346,32348,32349,32351,32352,32353,32354,32356,32357,32359,32360,32362,32363,32365,32366,32368,32369,32370,32371,32373,32374,32376,32377,32379,32380,32382,32383,32385,32386,32388,32389,32391,32392,32393,32394,32396,32397,32399,32400,32402,32403,32405,32406,32408,32409,32411,32412,32414,32415,32417,32418,32420,32421,32423,32424,32426,32427,32429,32430,32432,32433,32435,32436,32438,32439,32440,32441,32443,32444,32446,32447,32449,32450,32452,32453,32454,32455,32457,32458,32460,32461,32463,32464,32466,32467,32469,32470,32472,32473,32475,32476,32478,32479,32481,32482,32485,32486,32488,32489,32491,32492,32494,32495,32497,32498,32500,32501,32502,32503,32505,32506,32508,32509,32511,32512,32514,32515,32517,32518,32519,32520,32522,32523,32525,32526,32528,32529,32531,32532,32534,32535,32536,32537,32539,32540,32542,32543,32545,32546,32548,32549,32551,32552,32553,32554,32556,32557,32559,32560,32562,32563,32565,32566,32568,32569,32570,32571,32573,32574,32576,32577,32579,32580,32582,32583,32584,32585,32587,32588,32590,32591,32593,32594,32596,32597,32599,32600,32602,32603,32605,32606,32608,32609,32611,32612,32614,32615,32616,32617,32619,32620,32622,32623,32625,32626,32628,32629,32631,32632,32634,32635,32637,32638,32640,32641,32643,32644,32646,32647,32648,32649,32653,32654,32655,32656,32657,32658,32661,32662,32664,32665,32667,32668,32669,32670,32672,32673,32674,32675,32676,32677,32678,32679,32680,32681,32682,32683,32684,32685,32686,32687,32688,32689,32690,32691,32692,32693,32694,32695,32696,32697,32698,32699,32700,32701,32702,32703,32704,32705,32706,32707,32708,32709,32710,32711,32712,32713,32714,32715,32716,32717,32718,32719,32720,32721,32722,32723,32724,32725,32726,32727,32728,32729,32730,32731,32732,32733,32734,32735,32736,32737,32738,32739,32740,32741,32742,32743,32744,32745,32746,32747,32748,32749,32750,32751,32752,32753,32754,32755,32756,32757,32758,32759,32760,32761,32762,32763,32764,32765,32766,32768,32770,32929,32931,33137
zero 248,33137,33423,42040,42041,44074,44075,50699,50700,50764,50765,50779,50780,51559,51560,51608,51609,51611,51612,51614,51615,51616,51617,51618,51619,51631,51632,51633,51634,51747,51748,51750,51751,51753,51754,51755,51756,51757,51758,51759,51760,51761,51762,51777,51778,51779,51780,51788,51789,51794,51795,51852,51853,51862,51863,51869,51870,51894,51895,52243,52244,52477,52478,52486,52487,52510,52511,52520,52521,52527,52528,52536,52537,52556,52557,52601,52602,52606,52607,52612,52613,52617,52618,52622,52623,52658,52659,52663,52664,52842,52843,52847,52848,53344,53345,53371,53372,53377,53378,53433,53434,53443,53444,53461,53462,53479,53480,56389,56390,56403,56404,56419,56420,56428,56429,56444,56445,56460,56461,56516,56517,56570,56571,56576,56577,56582,56583,56588,56589,56600,56601,56717,56718,56757,56758,56981,56982,57040,57041,57102,57103,57109,57110,57131,57132,57378,57379,57420,57421,57472,57473,57479,57480,61394,61395,62082,62083,62110,62111,63549,63550,63558,63559,63640,63641,63664,63665,63682,63683,63823,63824,63842,63843,63876,63877,63883,63884,63890,63891,63899,63900,63915,63916,63941,63942,63953,63954,64066,64067,64122,64123,64129,64130,64220,64221,64416,64417,64673,64674,64709,64710,64734,64735,64769,64770,64911,64912,65103,65104,65110,65111,65149,65150,65155,65156,65180,65181,65204,65205,65265,65266,65276,65277,65451,65452,65458,65459,65465,65466,65470,65471,65481,65482,65487,65488,65492,65493,65518,65519,65523,65524,65531,65532,65534,65536,65538,66050,97792,97896
zero 6,97896,98304,98306,98465,98467,98924
zero 460,98924,98959,112127,112128,113009,113010,113011,113012,113013,113014,113015,113016,113017,113018,113019,113020,113021,113022,113023,113024,113025,113026,113028,113029,113030,113031,113032,113033,113034,113035,113036,113037,113038,113039,113043,113044,113046,113047,113049,113050,113060,113061,113076,113077,113094,113095,113124,113125,113154,113155,113182,113183,114628,114629,114658,114659,114688,114689,114718,114719,114748,114749,114753,114754,114758,114759,114767,114768,114801,114802,114806,114807,114832,114833,114858,114859,114885,114886,114913,114914,114916,114917,114919,114920,119480,119481,119493,119494,119500,119501,119507,119508,119517,119518,119524,119525,119558,119559,119593,119594,119624,119625,119656,119657,119693,119694,119729,119730,119735,119736,119741,119742,119746,119747,119776,119777,119807,119808,119836,119837,119866,119867,119875,119876,119884,119885,119893,119894,119902,119903,119905,119906,119911,119912,119917,119918,119928,119929,119949,119950,119971,119972,119992,119993,120013,120014,120016,120017,120026,120027,120036,120037,120046,120047,120057,120058,120066,120067,120075,120076,120084,120085,120093,120094,120119,120120,120123,120124,120126,120127,120141,120142,120156,120157,120171,120172,120186,120187,120191,120192,120196,120197,120225,120226,120253,120254,120281,120282,120308,120309,120335,120336,120341,120342,120346,120347,120349,120350,120371,120372,120393,120394,120414,120415,120435,120436,120438,120439,120444,120445,120483,120484,120524,120525,120528,120529,120533,120534,120605,120606,120610,120611,120623,120624,120626,120627,120630,120631,120643,120644,120648,120649,120658,120659,120668,120669,120678,120679,120688,120689,120716,120717,120745,120746,120774,120775,120803,120804,120808,120809,120813,120814,120819,120820,120826,120827,120832,120833,120839,120840,120932,120933,121032,121033,121037,121038,121054,121055,121086,121087,121148,121149,121214,121215,121276,121277,121338,121339,121414,121415,121496,121497,121572,121573,121654,121655,121736,121737,121813,121814,121896,121897,121972,121973,122054,122055,122130,122131,122206,122207,122287,122288,122362,122363,122444,122445,122526,122527,122602,122603,122685,122686,122761,122762,122763,122764,122766,122767,122775,122776,122796,122797,122802,122803,122804,122805,122806,122807,122832,122833,123200,123201,123258,123259,123676,123677,123720,123721,123891,123892,123895,123896,123911,123912,124196,124197,125913,125914,125970,125971,126304,126305,127795,127796,127808,127809,127878,127879,127922,127923,128132,128133,128166,128167,128420,128421,128557,128558,129726,129727,129729,129730,129740,129741,129748,129749,129812,129813,130332,130333,130336,130337,130338,130339,130340,130341,130343,130344,130345,130346,130350,130351,130353,130354,130355,130356,130368,130369,130375,130376,130408,130409,130410,130411,130414,130415,130416,130417,130422,130423,130453,130454,130455,130456,130459,130460,130463,130464,130867,130868,130869,130870,130872,130873,130874,130875,130876,130877,130879,130880,130882,130883,130891,130892,130894,130895,130908,130909,130910,130911,130912,130913,130915,130916,131046,131047,131052,131053,131063,131064,131066,131067,131068,131069,131070,131072,131074,131586,163328,163577
zero 226,163577,163840,163842,164001,164003,164495,164700,164701,164788,164789,164881,164882,165182,165183,165270,165271,165450,165451,165455,165456,165594,165595,165622,165623,165632,165633,165639,165640,165699,165700,165712,165713,165755,165756,165779,165780,165791,165792,165797,165798,165806,165807,165813,165814,165823,165824,165830,165831,165877,165878,165896,165897,165905,165906,165913,165914,165949,165950,165955,165956,165971,165972,166007,166008,166012,166013,166060,166061,166069,166070,166181,166182,166216,166217,166224,166225,166232,166233,166251,166252,166263,166264,166364,166365,166369,166370,166378,166379,166456,166457,166464,166465,166470,166471,166597,166598,166989,166990,167266,167267,167275,167276,167293,167294,167328,167329,167396,167397,167411,167412,167422,167423,167437,167438,167480,167481,167509,167510,167514,167515,167525,167526,167535,167536,167768,167769,167774,167775,167779,167780,167831,167832,167836,167837,167850,167851,167855,167856,167916,167917,167951,167952,167965,167966,167971,167972,167995,167996,168025,168026,168038,168039,168046,168047,168082,168083,168099,168100,168105,168106,168118,168119,168143,168144,168177,168178,168187,168188,168388,168389,168473,168474,168481,168482,168498,168499,168506,168507,168515,168516,168535,168536,168683,168684,168695,168696,168703,168704,168708,168709,168734,168735,168750,168751,168777,168778,168809,168810,168838,168839,168858,168859,168883,168884,168889,168890,168898,168899,168908,168909,168919,168920,168975,168976,168981,168982,168993,168994,169011,169012,169019,169020,169028,169029,169173,169174
zero 956,169272,169273,169277,169278,169285,169286,169306,169307,169366,169367,169412,169413,169426,169427,169483,169484,169502,169503,170712,170713,170717,170718,170724,170725,170746,170747,170756,170757,171924,171925,171935,171936,171972,171973,172010,172011,172015,172016,172023,172024,172029,172030,172035,172036,172207,172208,172236,172237,172241,172242,172254,172255,172260,172261,172274,172275,172289,172290,172305,172306,172310,172311,172327,172328,172339,172340,172352,172353,172374,172375,172380,172381,172387,172388,172402,172403,172416,172417,172449,172450,172468,172469,172495,172496,172501,172502,172506,172507,173449,173450,173456,173457,173484,173485,173490,173491,173577,173578,173589,173590,173606,173607,173624,173625,173633,173634,173641,173642,173766,173767,173890,173891,173930,173931,174308,174309,174325,174326,174335,174336,174340,174341,174376,174377,174381,174382,174422,174423,174474,174475,174551,174552,174635,174636,174667,174668,174688,174689,174724,174725,174811,174812,174897,174898,174933,174934,174941,174942,174951,174952,175073,175074,175095,175096,175128,175129,175159,175160,175201,175202,175211,175212,175219,175220,175228,175229,175329,175330,175453,175454,175503,175504,175510,175511,175516,175517,175523,175524,175604,175605,175609,175610,175615,175616,175620,175621,175630,175631,175639,175640,175647,175648,175654,175655,175667,175668,175674,175675,175734,175735,175758,175759,175781,175782,175788,175789,175814,175815,176168,176169,176348,176349,176380,176381,176404,176405,176606,176607,176612,176613,176618,176619,176679,176680,176728,176729,176735,176736,176927,176928,176952,176953,176954,176955,176956,176957,176964,176965,176983,176984,176989,176990,176994,176995,177000,177001,177011,177012,177018,177019,177024,177025,177035,177036,177041,177042,177043,177044,177045,177046,177047,177048,177052,177053,177055,177056,177062,177063,177066,177067,177070,177071,177100,177101,177114,177115,177139,177140,177166,177167,177203,177204,177230,177231,177275,177276,177293,177294,177305,177306,177334,177335,177347,177348,177372,177373,177374,177375,177378,177379,177381,177382,177384,177385,177388,177389,177392,177393,177400,177401,177403,177404,177408,177409,177424,177425,177434,177435,177439,177440,177445,177446,177450,177451,177456,177457,177460,177461,177465,177466,177475,177476,177480,177481,177491,177492,177499,177500,177505,177506,177509,177510,177513,177514,177541,177542,177556,177557,177562,177563,177567,177568,177571,177572,177577,177578,177582,177583,177593,177594,177598,177599,177606,177607,177610,177611,177616,177617,177623,177624,177627,177628,177638,177639,177641,177642,177647,177648,177652,177653,177664,177665,177675,177676,177691,177692,177695,177696,177700,177701,177704,177705,177710,177711,177716,177717,177725,177726,177731,177732,177736,177737,177739,177740,177746,177747,177753,177754,177763,177764,177770,177771,177775,177776,177783,177784,177808,177809,177815,177816,177822,177823,177833,177834,177837,177838,177844,177845,177851,177852,177855,177856,177870,177871,177881,177882,177885,177886,177897,177898,177901,177902,177912,177913,177918,177919,177927,177928,177934,177935,177943,177944,177949,177950,177957,177958,177962,177963,177967,177968,177973,177974,177979,177980,177987,177988,177995,177996,177999,178000,178001,178002,178009,178010,178016,178017,178073,178074,178081,178082,178091,178092,178099,178100,178108,178109,178121,178122,178133,178134,178144,178145,178320,178321,178333,178334,178342,178343,178353,178354,178454,178455,178465,178466,178474,178475,178483,178484,178488,178489,178496,178497,178507,178508,178518,178519,178529,178530,178581,178582,178590,178591,178884,178885,178893,178894,178909,178910,178994,178995,179008,179009,179017,179018,179061,179062,179075,179076,179092,179093,179102,179103,179111,179112,179140,179141,179153,179154,179164,179165,179178,179179,179213,179214,179224,179225,179236,179237,179251,179252,179263,179264,179281,179282,179336,179337,179343,179344,179348,179349,179390,179391,179401,179402,179411,179412,179440,179441,179469,179470,179481,179482,179492,179493,179500,179501,179512,179513,179524,179525,179529,179530,179539,179540,179550,179551,179558,179559,179673,179674,179682,179683,179697,179698,179708,179709,179731,179732,179790,179791,179820,179821,179835,179836,179990,179991,180035,180036,180049,180050,180065,180066,180081,180082,180088,180089,180102,180103,180114,180115,180127,180128,180181,180182,180190,180191,180202,180203,180213,180214,180241,180242,180320,180321,180370,180371,180382,180383,180392,180393,180403,180404,180415,180416,180424,180425,180447,180448,180455,180456,180466,180467,180476,180477,180495,180496,180539,180540,180549,180550,180562,180563,180730,180731,180847,180848,180855,180856,180917,180918,180964,180965,180973,180974,180979,180980,180988,180989,181137,181138,181158,181159,181160,181161,181163,181164,181166,181167,181169,181170,181173,181174,181176,181177,181179,181180,181182,181183,181186,181187,181191,181192,181194,181195,181198,181199,181201,181202,181204,181205,181207,181208,181211,181212,181214,181215,181218,181219,181484,181485,181486,181487,181488,181489,181739,181740,181741,181742,181800,181801,181802,181803,181844,181845,181846,181847,181903,181904,181905,181906,181907,181908,181909,181910,183140,183141,183142,183143,183172,183173,183174,183175,183208,183209,183210,183211,183297,183298,183299,183300,183305,183306,183307,183308,183346,183347,183348,183349,183932,183933,183934,183935,185641,185642,185643,185644,185780,185781,185782,185783,185785,185786,185787,185788,185794,185795,185796,185797,185798,185799,185800,185801,188028,188029,188030,188031,188444,188445,188446,188447,188599,188600,188601,188602,189873,189874,189875,189876,189877,189878,189879,189880,190736,190737,190738,190739,190742,190743,190744,190745,190757,190758,190759,190760,190859,190860,190861,190862,190863,190864,190865,190866,190872,190873,190874,190875,193077,193078,193079,193080,193081,193082,193083,193084,193139,193140,193141,193142,193757,193758,193759,193760,193974,193975,193976,193977,194018,194019,194020,194021,194036,194037,194038,194039,194071,194072,194073,194074,194075,194076,194077,194078,194083,194084,194085,194086,195326,195327,195328,195329,195332,195333,195334,195335,195347,195348,195349,195350,195628,195629,195630,195631,195632,195633,195676,195677,195678,195679,195682,195683,195684,195685,195743,195744,195745,195746,195747,195748,195757,195758,195759,195760,195761,195762,195763,195764,195837,195838,195839,195840,195841,195842,196587,196588,196589,196590,196591,196592,196593,196594,196595,196596,196597,196598,196599,196600,196601,196602,196603,196604,196605,196608,196610,197122,228864,228898
zero 6,228898,229376,229378,229537,229539,229926
zero 582,229926,230031,237459,237460,239050,239051,239987,239988,242895,242896,244717,244718,244772,244773,245192,245193,245504,245505,245526,245527,245553,245554,245584,245585,245615,245616,245764,245765,245772,245773,246127,246128,246129,246130,246131,246132,246288,246289,246397,246398,246541,246542,246643,246644,246834,246835,246994,246995,247058,247059,247207,247208,247412,247413,247507,247508,247662,247663,247725,247726,247727,247728,247729,247730,247731,247732,247733,247734,247735,247736,247737,247738,247747,247748,247749,247750,247752,247753,247754,247755,247782,247783,247784,247785,247811,247812,247813,247814,247841,247842,247843,247844,247856,247857,247858,247859,247867,247868,247869,247870,247874,247875,247876,247877,247883,247884,247885,247886,247887,247888,247889,247890,247892,247893,247894,247895,247904,247905,247906,247907,247908,247909,247910,247911,247912,247913,247914,247915,247916,247917,247918,247919,247997,247998,247999,248000,248001,248002,248003,248004,248005,248006,248007,248008,248009,248010,248011,248012,248014,248015,248016,248017,248018,248019,248020,248021,248057,248058,248059,248060,248096,248097,248098,248099,248100,248101,248102,248103,248104,248105,248106,248107,248108,248109,248111,248112,248114,248115,248116,248117,248118,248119,248120,248121,248122,248123,248124,248125,248126,248127,248128,248129,248130,248131,248132,248133,248134,248135,253587,253588,253589,253590,253591,253592,253593,253594,253595,253596,253597,253598,253602,253603,253606,253607,253611,253612,253616,253617,253621,253622,253623,253624,253625,253626,253629,253630,253631,253632,253633,253634,253635,253636,253637,253638,253639,253640,253641,253642,253643,253644,253645,253646,253647,253648,253649,253650,253651,253652,253653,253654,253655,253656,253657,253658,253659,253660,253661,253662,253663,253664,253665,253666,253667,253668,253669,253670,253671,253672,253673,253674,253675,253676,253677,253678,253679,253680,253681,253682,253683,253684,253685,253686,253687,253688,253689,253690,253691,253692,253693,253694,253695,253696,253697,253698,253699,253700,253701,253702,253703,253704,253708,253709,253714,253715,253716,253717,253718,253719,253720,253721,253722,253723,253724,253725,253726,253727,253728,253729,253747,253748,253751,253752,253762,253763,253776,253777,253868,253869,253873,253874,253952,253953,253964,253965,253983,253984,253985,253986,253987,253988,253989,253990,253991,253992,253994,253995,253998,253999,254000,254001,254003,254004,254011,254012,254013,254014,254015,254016,254018,254019,254020,254021,254029,254030,254035,254036,254045,254046,254048,254049,254051,254052,254054,254055,254059,254060,254065,254066,254068,254069,254070,254071,254075,254076,254077,254078,254080,254081,254083,254084,254094,254095,254096,254097,254098,254099,254100,254101,254106,254107,254124,254125,254128,254129,254130,254131,254254,254255,254256,254257,254258,254259,254288,254289,254312,254313,254348,254349,255149,255150,255151,255152,255155,255156,255157,255158,255159,255160,255161,255162,255171,255172,255175,255176,255177,255178,255190,255191,255209,255210,255247,255248,256460,256461,256481,256482,256589,256590,256653,256654,256655,256656,256666,256667,256675,256676,256681,256682,256695,256696,256703,256704,256719,256720,257536,257537,257542,257543,257573,257574,257763,257764,257768,257769,257786,257787,257802,257803,257817,257818,257833,257834,257864,257865,257895,257896,257911,257912,257931,257932,257940,257941,257948,257949,257998,257999,258004,258005,258009,258010,258015,258016,258020,258021,258624,258625,258629,258630,258648,258649,258655,258656,258662,258663,258670,258671,258676,258677,258684,258685,258690,258691,258706,258707,258712,258713,258743,258744,258750,258751,261105,261106,261553,261554,261652,261653,261657,261658,261676,261677,261681,261682,261856,261857,261918,261919,261935,261936,261952,261953,261969,261970,261986,261987,262003,262004,262021,262022,262034,262035,262047,262048,262060,262061,262073,262074,262086,262087,262099,262100,262112,262113,262125,262126,262138,262139,262141,262144,262146,262658,294400,294517
zero 6,294517,294912,294914,295073,295075,295545
zero 576,295545,295567,295975,295976,295988,295989,296003,296004,296018,296019,296033,296034,296048,296049,296054,296055,296069,296070,296084,296085,296099,296100,296116,296117,296133,296134,296150,296151,296167,296168,296185,296186,296198,296199,296211,296212,296224,296225,296237,296238,296250,296251,296263,296264,296276,296277,296289,296290,296302,296303,296319,296320,296336,296337,296353,296354,296370,296371,296385,296386,296402,296403,296417,296418,296434,296435,296449,296450,296466,296467,296481,296482,296487,296488,296502,296503,296517,296518,296532,296533,296547,296548,296562,296563,296579,296580,296596,296597,296707,296708,296771,296772,296776,296777,296783,296784,296797,296798,296856,296857,296882,296883,296917,296918,296932,296933,296942,296943,296987,296988,297020,297021,297031,297032,297039,297040,297045,297046,297159,297160,297180,297181,297246,297247,298247,298248,298267,298268,298283,298284,298294,298295,298300,298301,298320,298321,298334,298335,298398,298399,298404,298405,298411,298412,298479,298480,298488,298489,298497,298498,298507,298508,298527,298528,298533,298534,298539,298540,300635,300636,305460,305461,305468,305469,305583,305584,305606,305607,305657,305658,305687,305688,305712,305713,305726,305727,305732,305733,305739,305740,305746,305747,305757,305758,305764,305765,305788,305789,305811,305812,305868,305869,305890,305891,305969,305970,305996,305997,306002,306003,306064,306065,306181,306182,306211,306212,306287,306288,306320,306321,306327,306328,306345,306346,306480,306481,306719,306720,306734,306735,306839,306840,306884,306885,306890,306891,307034,307035,307043,307044,307052,307053,307060,307061,307067,307068,307373,307374,307698,307699,307739,307740,307865,307866,308009,308010,308155,308156,308163,308164,308172,308173,308180,308181,308188,308189,308201,308202,308209,308210,308217,308218,308225,308226,308235,308236,308242,308243,308248,308249,308254,308255,308260,308261,308270,308271,308277,308278,308284,308285,308291,308292,308299,308300,308307,308308,308318,308319,308329,308330,308341,308342,308349,308350,308359,308360,308377,308378,308388,308389,308397,308398,308413,308414,308421,308422,308436,308437,308451,308452,308465,308466,308479,308480,308486,308487,308492,308493,308498,308499,308517,308518,308537,308538,308545,308546,308551,308552,308562,308563,308569,308570,308580,308581,308586,308587,308596,308597,308604,308605,308612,308613,308619,308620,308635,308636,309372,309373,309379,309380,309411,309412,309421,309422,309459,309460,309477,309478,309504,309505,309860,309861,309875,309876,309882,309883,309914,309915,309938,309939,309987,309988,309999,310000,310006,310007,310021,310022,310029,310030,310036,310037,310062,310063,310100,310101,310143,310144,310148,310149,310162,310163,310167,310168,310170,310171,312616,312617,312619,312620,312624,312625,312630,312631,312639,312640,312695,312696,312698,312699,312706,312707,312715,312716,312722,312723,313100,313101,313117,313118,313123,313124,313130,313131,313174,313175,313179,313180,313184,313185,313190,313191,313213,313214,313334,313335,313339,313340,313347,313348,313352,313353,313358,313359,314154,314155,314335,314336,314372,314373,314663,314664,314690,314691,314698,314699,314728,314729,314868,314869,314888,314889,314899,314900,314904,314905,314910,314911,314930,314931,314932,314933,314944,314945,315320,315321,315326,315327,315382,315383,315384,315385,315422,315423,315460,315461,315500,315501,315512,315513,315514,315515,315622,315623,315676,315677,315683,315684,315820,315821,315846,315847,315904,315905,315910,315911,315916,315917,315923,315924,315929,315930,316104,316105,316130,316131,316138,316139,316144,316145,316150,316151,316157,316158,316167,316168,316225,316226,316238,316239,316281,316282,316311,316312,316332,316333,316344,316345,316350,316351,316357,316358,316363,316364,316371,316372,316457,316458,316463,316464,316469,316470,316475,316476,316552,316553,316571,316572,316647,316648,316654,316655,316860,316861,316900,316901,316942,316943,317191,317192,317194,317195,317240,317752,327168,327373
zero 6,327373,327680,327682,328194,359936,360141
zero 6,360141,360448,360450,360962,392704,392909
zero 6,392909,393216,393218,393730,425472,425677
zero 6,425677,425984,425986,426498,458240,458445
zero 6,458445,458752,458754,459266,491008,491213
zero 6,491213,491520,491522,492034,523776,523981
zero 6,523981,524288,524290,524802,556544,556749
zero 6,556749,557056,557058,557570,589312,589517
zero 6,589517,589824,589826,590338,622080,622285
zero 180,622285,622592,622594,623086,623088,623089,623090,623091,623092,623093,623094,623095,623096,623097,623098,623099,623100,623101,623111,623112,623113,623114,623915,623916,623917,623918,623919,623920,623921,623922,623987,623988,623989,623990,623991,623992,623993,623994,623998,623999,624000,624001,624006,624007,624008,624009,624641,624642,624643,624644,624662,624663,624664,624665,624757,624758,624759,624760,624762,624763,624764,624765,625733,625734,625735,625736,625770,625771,625772,625773,625832,625833,625834,625835,625884,625885,625886,625887,627579,627580,627581,627582,627679,627680,627681,627682,628047,628048,628049,628050,628052,628053,628054,628055,628060,628061,628062,628063,628366,628367,628368,628369,628397,628398,628399,628400,628401,628402,628403,628404,628405,628406,628678,628679,628680,628681,628682,628683,628927,628928,628929,628930,628931,628932,628933,628934,628936,628937,628938,628939,628940,628941,628942,628943,629064,629065,629066,629067,629073,629074,629075,629076,629077,629078,629079,629080,629088,629089,629090,629091,629092,629093,629094,629095,629096,629097,629115,629116,629117,629118,629119,629120,629121,629122,629123,629124,629125,629126,629128,629129,629130,629131,629138,629139,629140,629141,629142,629143,629144,629145
